[static_params]
ref_frame = LISA
approximant = BBHX_PhenomD
tdi = 1.5
low-frequency-cutoff = 0.000001
f_final = 0.1
delta_f = 3.8580246913580245e-07
t_obs_start=2592000
t_offset = 7365189.431698299
f_ref = 0
num_interp = 200
interp_f_lower = 1e-5
cache_generator = 1
mf_min = 1e-5